ID,differ,grdient,line_speed,angular_speed
0,0.006220141843865292,-0.00893,0.31746031746031744,-0.08569973207103292
1,0.006108918520617479,-0.00921,0.31746031746031744,-0.0841673218396186
2,0.006094555024957344,-0.00946,0.31746031746031744,-0.08396942478830119
3,0.0060521808936173475,-0.00929,0.31746031746031744,-0.08338560342317233
4,-0.006237228039573281,-0.02093,0.31746031746031744,0.08593514187856521
5,-0.01422053009299404,-0.04264,0.31746031746031744,0.19592730350347343
6,-0.017946388045568185,-0.06801,0.31746031746031744,0.2472613464056061
7,-0.02694307624082118,-0.14842,0.31746031746031744,0.37121571709575846
8,-0.027052326791488213,-0.24294,0.31746031746031744,0.3727209469049487
9,-0.01254930392410806,-0.33378,0.31746031746031744,0.17290152073215548
10,0.0021108509405636513,-0.40854,0.31746031746031744,-0.029082835181099196
11,0.0021108509405636513,-0.40854,0.31746031746031744,-0.029082835181099196
12,0.016171265338827966,-0.24483,0.31746031746031744,-0.222804100223852
13,0.029768858874733795,-0.29183,0.31746031746031744,-0.41014872227411003
14,0.044531617127753956,-0.33112,0.31746031746031744,-0.6135467248712767
15,0.06433761409408492,-0.40778,0.31746031746031744,-0.8864293497407256
16,0.08481639046806218,-0.52988,0.30158730158730157,-1.1685813797821898
17,0.08970254366741469,-0.55217,0.2857142857142857,-1.2359017127510468
18,0.09653582742911625,-0.58408,0.2698412698412698,-1.330049177912268
19,0.10338310896840898,-0.58873,0.2698412698412698,-1.4243895013425238
20,0.10226693826209339,-0.59059,0.2698412698412698,-1.4090111493888422
21,0.08994037541430387,-0.57227,0.2698412698412698,-1.2391785057081868
22,0.0804909545095022,-0.55496,0.2857142857142857,-1.1089864843531412
23,0.051795114396703285,-0.53557,0.30158730158730157,-0.7136215761323563
24,0.043046291111512376,-0.51952,0.30158730158730157,-0.5930822330919483
25,0.023477488221171756,-0.45509,0.31746031746031744,-0.3234676154916997
26,0.011787441238403638,-0.41927,0.31746031746031744,-0.162404745951339
27,0.011787441238403638,-0.41927,0.31746031746031744,-0.162404745951339
28,0.0025245793635627046,-0.3995,0.31746031746031744,-0.034783093453530596
29,0.0008997936102487892,-0.39379,0.31746031746031744,-0.012397156407872206
30,0.004019792750244147,-0.40805,0.31746031746031744,-0.05538381122558602
31,0.02104530868985014,-0.50296,0.31746031746031744,-0.28995758639349084
32,0.026118526077789604,-0.55297,0.2857142857142857,-0.35985524818287895
33,0.04922397069151053,-0.73069,0.22222222222222224,-0.6781969295274785
34,0.08966867073477197,-0.842,0.19047619047619047,-1.2354350190124137
35,0.14288358752790747,-0.87086,0.1746031746031746,-1.9686183170511697
36,0.14288358752790747,-0.87086,0.1746031746031746,-1.9686183170511697
37,-0.09900254713233597,-0.89801,0.1746031746031746,1.3640350938232955
38,-0.09814372732010711,-0.92181,0.1746031746031746,1.3522024652992535
39,-0.11651161437252813,-0.84642,0.19047619047619047,1.605271131354832
40,-0.14185203907361882,-0.83039,0.19047619047619047,1.9544058716809702
41,-0.111300065775715,-0.82827,0.19047619047619047,1.533467572909851
42,-0.111300065775715,-0.82827,0.19047619047619047,1.533467572909851
43,-0.09443344270915034,-0.15565,0.31746031746031744,1.3010829884371824
44,-0.06004956760132896,-0.04651,0.31746031746031744,0.8273495980627544
45,0.015486629329728902,0.13568,0.31746031746031744,-0.21337133743182043
46,-0.23423201906412533,-0.33969,0.31746031746031744,3.2271967071057266
47,-0.18856658566314,-0.22327,0.31746031746031744,2.59802851358104
48,-0.22940228143581223,-0.36769,0.31746031746031744,3.1606536553378572
49,-0.21697292547273883,-0.32836,0.31746031746031744,2.989404750957735
50,-0.23976252136668172,-0.46915,0.31746031746031744,3.3033947388298373
51,-0.05010334018341649,0.43336,0.31746031746031744,0.690312686971516
52,-0.024672315360762767,0.00532,0.31746031746031744,0.3399296783038426
53,0.004458238069181846,-0.22858,0.31746031746031744,-0.06142461339761654
